0 0.5582959641255605 0.8299492385786802 0.04932735426008968 0.18781725888324874
0 0.6165919282511211 0.8959390862944162 0.16591928251121077 0.05583756345177665
0 0.6748878923766816 0.3020304568527919 0.04932735426008968 0.18781725888324874
0 0.6165919282511211 0.3680203045685279 0.16591928251121077 0.05583756345177665
0 0.9080717488789237 0.3020304568527919 0.04932735426008968 0.18781725888324874
0 0.8497757847533632 0.3680203045685279 0.16591928251121077 0.05583756345177665
0 0.5582959641255605 0.6979695431472082 0.04932735426008968 0.18781725888324874
0 0.44170403587443946 0.565989847715736 0.2825112107623318 0.18781725888324874
0 0.6748878923766816 0.565989847715736 0.2825112107623318 0.18781725888324874
0 0.26681614349775784 0.434010152284264 0.16591928251121077 0.18781725888324874
0 0.3834080717488789 0.434010152284264 0.16591928251121077 0.18781725888324874
0 0.7331838565022422 0.434010152284264 0.16591928251121077 0.18781725888324874
0 0.8497757847533632 0.434010152284264 0.16591928251121077 0.18781725888324874
0 0.15022421524663676 0.3680203045685279 0.16591928251121077 0.05583756345177665
0 0.2085201793721973 0.3020304568527919 0.04932735426008968 0.18781725888324874
0 0.44170403587443946 0.3020304568527919 0.04932735426008968 0.18781725888324874
0 0.3834080717488789 0.3680203045685279 0.16591928251121077 0.05583756345177665
0 0.15022421524663676 0.23604060913705585 0.16591928251121077 0.05583756345177665
0 0.2085201793721973 0.1700507614213198 0.04932735426008968 0.18781725888324874
