0 0.5958549222797928 0.28152492668621704 0.11398963730569948 0.17302052785923755
0 0.7875647668393783 0.28152492668621704 0.11398963730569948 0.17302052785923755
0 0.7875647668393783 0.17302052785923755 0.11398963730569948 0.17302052785923755
0 0.49740932642487046 0.7155425219941349 0.11398963730569948 0.17302052785923755
0 0.49740932642487046 0.6070381231671554 0.11398963730569948 0.17302052785923755
0 0.39896373056994816 0.49853372434017595 0.30569948186528495 0.17302052785923755
0 0.5906735751295337 0.49853372434017595 0.30569948186528495 0.17302052785923755
0 0.25906735751295334 0.39002932551319647 0.20725388601036268 0.17302052785923755
0 0.35233160621761656 0.39002932551319647 0.21243523316062177 0.17302052785923755
0 0.6424870466321243 0.39002932551319647 0.20725388601036268 0.17302052785923755
0 0.7357512953367875 0.39002932551319647 0.21243523316062177 0.17302052785923755
0 0.21243523316062177 0.28152492668621704 0.11398963730569948 0.17302052785923755
0 0.40414507772020725 0.28152492668621704 0.11398963730569948 0.17302052785923755
0 0.21243523316062177 0.17302052785923755 0.11398963730569948 0.17302052785923755
