0 0.7875647668393783 0.6771084337349398 0.11398963730569948 0.14216867469879518
0 0.5958549222797928 0.6771084337349398 0.11398963730569948 0.14216867469879518
0 0.40414507772020725 0.5879518072289157 0.11398963730569948 0.14216867469879518
0 0.21243523316062177 0.5879518072289157 0.11398963730569948 0.14216867469879518
0 0.40414507772020725 0.6771084337349398 0.11398963730569948 0.14216867469879518
0 0.21243523316062177 0.6771084337349398 0.11398963730569948 0.14216867469879518
0 0.21243523316062177 0.7662650602409639 0.11398963730569948 0.14216867469879518
0 0.49740932642487046 0.23132530120481928 0.11398963730569948 0.14216867469879518
0 0.39896373056994816 0.18795180722891566 0.30569948186528495 0.05301204819277108
0 0.21243523316062177 0.8554216867469879 0.11398963730569948 0.14216867469879518
0 0.49740932642487046 0.3204819277108434 0.11398963730569948 0.14216867469879518
0 0.5906735751295337 0.40963855421686746 0.30569948186528495 0.14216867469879518
0 0.39896373056994816 0.40963855421686746 0.30569948186528495 0.14216867469879518
0 0.7357512953367875 0.4987951807228916 0.21243523316062177 0.14216867469879518
0 0.6424870466321243 0.4987951807228916 0.20725388601036268 0.14216867469879518
0 0.35233160621761656 0.4987951807228916 0.21243523316062177 0.14216867469879518
0 0.25906735751295334 0.4987951807228916 0.20725388601036268 0.14216867469879518
0 0.7875647668393783 0.5879518072289157 0.11398963730569948 0.14216867469879518
0 0.5958549222797928 0.5879518072289157 0.11398963730569948 0.14216867469879518
