0 0.42231075697211157 0.6979695431472082 0.08764940239043825 0.18781725888324874
0 0.2151394422310757 0.6979695431472082 0.08764940239043825 0.18781725888324874
0 0.5776892430278885 0.3020304568527919 0.08764940239043825 0.18781725888324874
0 0.47410358565737054 0.23604060913705585 0.2948207171314741 0.05583756345177665
0 0.7051792828685259 0.434010152284264 0.3466135458167331 0.18781725888324874
0 0.44621513944223107 0.434010152284264 0.3466135458167331 0.18781725888324874
0 0.26693227091633465 0.23604060913705585 0.2948207171314741 0.05583756345177665
0 0.8366533864541833 0.565989847715736 0.08764940239043825 0.18781725888324874
0 0.3705179282868526 0.565989847715736 0.19123505976095617 0.18781725888324874
0 0.26693227091633465 0.565989847715736 0.19123505976095617 0.18781725888324874
0 0.8366533864541833 0.6979695431472082 0.08764940239043825 0.18781725888324874
0 0.7330677290836654 0.631979695431472 0.2948207171314741 0.05583756345177665
0 0.8366533864541833 0.8299492385786802 0.08764940239043825 0.18781725888324874
