0 0.45517241379310347 0.8299492385786802 0.07586206896551724 0.18781725888324874
0 0.32068965517241377 0.1700507614213198 0.07586206896551724 0.18781725888324874
0 0.5 0.3020304568527919 0.07586206896551724 0.18781725888324874
0 0.6793103448275862 0.3020304568527919 0.07586206896551724 0.18781725888324874
0 0.8586206896551725 0.3020304568527919 0.07586206896551724 0.18781725888324874
0 0.8586206896551725 0.1700507614213198 0.07586206896551724 0.18781725888324874
0 0.45517241379310347 0.6979695431472082 0.07586206896551724 0.18781725888324874
0 0.3413793103448276 0.565989847715736 0.3 0.18781725888324874
0 0.5655172413793104 0.565989847715736 0.3 0.18781725888324874
0 0.18620689655172415 0.434010152284264 0.16551724137931034 0.18781725888324874
0 0.27586206896551724 0.434010152284264 0.16551724137931034 0.18781725888324874
0 0.5896551724137931 0.434010152284264 0.25517241379310346 0.18781725888324874
0 0.6793103448275862 0.434010152284264 0.07586206896551724 0.18781725888324874
0 0.7689655172413793 0.434010152284264 0.25517241379310346 0.18781725888324874
0 0.1413793103448276 0.3020304568527919 0.07586206896551724 0.18781725888324874
0 0.32068965517241377 0.3020304568527919 0.07586206896551724 0.18781725888324874
0 0.1413793103448276 0.1700507614213198 0.07586206896551724 0.18781725888324874
