0 0.5 0.804093567251462 0.11827956989247312 0.21637426900584794
0 0.6397849462365591 0.8801169590643275 0.3978494623655914 0.06432748538011696
0 0.7795698924731183 0.195906432748538 0.11827956989247312 0.21637426900584794
0 0.5 0.652046783625731 0.11827956989247312 0.21637426900584794
0 0.3602150537634409 0.5 0.3978494623655914 0.21637426900584794
0 0.6397849462365591 0.5 0.3978494623655914 0.21637426900584794
0 0.22043010752688172 0.347953216374269 0.11827956989247312 0.21637426900584794
0 0.7795698924731183 0.347953216374269 0.11827956989247312 0.21637426900584794
0 0.22043010752688172 0.195906432748538 0.11827956989247312 0.21637426900584794
0 0.3602150537634409 0.11988304093567251 0.3978494623655914 0.06432748538011696
