0 0.43010752688172044 0.8654618473895582 0.11827956989247312 0.14859437751004015
0 0.5 0.44779116465863456 0.11827956989247312 0.14859437751004015
0 0.7795698924731183 0.44779116465863456 0.11827956989247312 0.14859437751004015
0 0.43010752688172044 0.7610441767068273 0.11827956989247312 0.14859437751004015
0 0.3225806451612903 0.6566265060240963 0.3279569892473118 0.14859437751004015
0 0.532258064516129 0.6566265060240963 0.3279569892473118 0.14859437751004015
0 0.22043010752688172 0.5522088353413654 0.11827956989247312 0.14859437751004015
0 0.5698924731182796 0.5522088353413654 0.25806451612903225 0.14859437751004015
0 0.7096774193548387 0.5522088353413654 0.25806451612903225 0.14859437751004015
0 0.22043010752688172 0.44779116465863456 0.11827956989247312 0.14859437751004015
0 0.22043010752688172 0.3433734939759036 0.11827956989247312 0.14859437751004015
0 0.22043010752688172 0.2389558232931727 0.11827956989247312 0.14859437751004015
0 0.22043010752688172 0.13453815261044177 0.11827956989247312 0.14859437751004015
