0 0.8299492385786802 0.6418181818181818 0.18781725888324874 0.04
0 0.631979695431472 0.6890909090909091 0.05583756345177665 0.13454545454545455
0 0.3680203045685279 0.5945454545454546 0.05583756345177665 0.13454545454545455
0 0.1700507614213198 0.5472727272727272 0.18781725888324874 0.04
0 0.10406091370558376 0.5945454545454546 0.05583756345177665 0.13454545454545455
0 0.3680203045685279 0.6890909090909091 0.05583756345177665 0.13454545454545455
0 0.434010152284264 0.7363636363636363 0.18781725888324874 0.04
0 0.3680203045685279 0.7836363636363637 0.05583756345177665 0.13454545454545455
0 0.467005076142132 0.21636363636363637 0.05583756345177665 0.13454545454545455
0 0.4010152284263959 0.1690909090909091 0.18781725888324874 0.04
0 0.3680203045685279 0.8781818181818182 0.05583756345177665 0.13454545454545455
0 0.10406091370558376 0.6890909090909091 0.05583756345177665 0.13454545454545455
0 0.467005076142132 0.3109090909090909 0.05583756345177665 0.13454545454545455
0 0.5812182741116751 0.40545454545454546 0.2868020304568528 0.13454545454545455
0 0.350253807106599 0.40545454545454546 0.2868020304568528 0.13454545454545455
0 0.7309644670050761 0.5 0.1218274111675127 0.13454545454545455
0 0.6649746192893401 0.5 0.1218274111675127 0.13454545454545455
0 0.3020304568527919 0.5 0.18781725888324874 0.13454545454545455
0 0.1700507614213198 0.5 0.18781725888324874 0.13454545454545455
0 0.8299492385786802 0.5472727272727272 0.18781725888324874 0.04
0 0.7639593908629442 0.5945454545454546 0.05583756345177665 0.13454545454545455
0 0.631979695431472 0.5945454545454546 0.05583756345177665 0.13454545454545455
