0 0.26282051282051283 0.7155425219941349 0.14102564102564102 0.17302052785923755
0 0.26282051282051283 0.8240469208211144 0.14102564102564102 0.17302052785923755
0 0.4358974358974359 0.28152492668621704 0.14102564102564102 0.17302052785923755
0 0.4358974358974359 0.39002932551319647 0.14102564102564102 0.17302052785923755
0 0.5256410256410257 0.49853372434017595 0.32051282051282054 0.17302052785923755
0 0.34615384615384615 0.49853372434017595 0.3141025641025641 0.17302052785923755
0 0.6730769230769231 0.6070381231671554 0.26282051282051283 0.17302052785923755
0 0.5576923076923077 0.6070381231671554 0.2564102564102564 0.17302052785923755
0 0.26282051282051283 0.6070381231671554 0.14102564102564102 0.17302052785923755
0 0.7371794871794872 0.7155425219941349 0.14102564102564102 0.17302052785923755
0 0.5 0.7155425219941349 0.14102564102564102 0.17302052785923755
