0 0.8026315789473685 0.3391304347826087 0.19407894736842105 0.09565217391304348
0 0.8651315789473685 0.2565217391304348 0.07236842105263158 0.2565217391304348
0 0.3157894736842105 0.3391304347826087 0.19407894736842105 0.09565217391304348
0 0.19407894736842105 0.3391304347826087 0.19407894736842105 0.09565217391304348
0 0.680921052631579 0.3391304347826087 0.19407894736842105 0.09565217391304348
0 0.5592105263157895 0.5 0.19407894736842105 0.41739130434782606
0 0.5592105263157895 0.3391304347826087 0.19407894736842105 0.09565217391304348
0 0.5592105263157895 0.2565217391304348 0.19407894736842105 0.2565217391304348
0 0.4375 0.7391304347826086 0.19407894736842105 0.2565217391304348
0 0.4375 0.5782608695652174 0.19407894736842105 0.2565217391304348
0 0.4375 0.3391304347826087 0.19407894736842105 0.09565217391304348
0 0.3782894736842105 0.7391304347826086 0.07236842105263158 0.2565217391304348
0 0.3157894736842105 0.8217391304347826 0.19407894736842105 0.09565217391304348
