0 0.5398230088495575 0.29213483146067415 0.13053097345132744 0.08239700374531835
0 0.5 0.3595505617977528 0.048672566371681415 0.2209737827715356
0 0.6216814159292036 0.15355805243445692 0.13053097345132744 0.08239700374531835
0 0.7035398230088495 0.15355805243445692 0.13053097345132744 0.08239700374531835
0 0.7853982300884956 0.15355805243445692 0.13053097345132744 0.08239700374531835
0 0.8672566371681416 0.15355805243445692 0.13053097345132744 0.08239700374531835
0 0.6216814159292036 0.29213483146067415 0.13053097345132744 0.08239700374531835
0 0.5398230088495575 0.5692883895131086 0.13053097345132744 0.08239700374531835
0 0.5 0.6367041198501873 0.048672566371681415 0.2209737827715356
0 0.21238938053097345 0.7078651685393258 0.13053097345132744 0.08239700374531835
0 0.17256637168141592 0.7752808988764045 0.048672566371681415 0.2209737827715356
0 0.5398230088495575 0.846441947565543 0.13053097345132744 0.08239700374531835
0 0.6216814159292036 0.5692883895131086 0.13053097345132744 0.08239700374531835
0 0.6216814159292036 0.846441947565543 0.13053097345132744 0.08239700374531835
0 0.2942477876106195 0.7078651685393258 0.13053097345132744 0.08239700374531835
0 0.37610619469026546 0.46441947565543074 0.13053097345132744 0.5692883895131086
0 0.37610619469026546 0.7078651685393258 0.13053097345132744 0.08239700374531835
0 0.37610619469026546 0.7752808988764045 0.13053097345132744 0.2209737827715356
0 0.4579646017699115 0.2546816479400749 0.13053097345132744 0.15355805243445692
0 0.4579646017699115 0.18726591760299627 0.13053097345132744 0.149812734082397
0 0.4579646017699115 0.6367041198501873 0.13053097345132744 0.2209737827715356
0 0.4579646017699115 0.7752808988764045 0.13053097345132744 0.2209737827715356
0 0.5398230088495575 0.15355805243445692 0.13053097345132744 0.08239700374531835
