0 0.5 0.28152492668621704 0.14102564102564102 0.17302052785923755
0 0.6153846153846154 0.2287390029325513 0.3782051282051282 0.06451612903225806
0 0.3782051282051282 0.7155425219941349 0.14102564102564102 0.17302052785923755
0 0.4935897435897436 0.7712609970674487 0.3782051282051282 0.06451612903225806
0 0.3782051282051282 0.6070381231671554 0.14102564102564102 0.17302052785923755
0 0.32051282051282054 0.49853372434017595 0.2564102564102564 0.17302052785923755
0 0.4358974358974359 0.49853372434017595 0.26282051282051283 0.17302052785923755
0 0.26282051282051283 0.39002932551319647 0.14102564102564102 0.17302052785923755
0 0.5 0.39002932551319647 0.14102564102564102 0.17302052785923755
0 0.26282051282051283 0.28152492668621704 0.14102564102564102 0.17302052785923755
0 0.26282051282051283 0.17302052785923755 0.14102564102564102 0.17302052785923755
