0 0.5 0.804093567251462 0.09243697478991597 0.21637426900584794
0 0.6092436974789915 0.195906432748538 0.09243697478991597 0.21637426900584794
0 0.8277310924369747 0.195906432748538 0.09243697478991597 0.21637426900584794
0 0.5 0.652046783625731 0.09243697478991597 0.21637426900584794
0 0.3907563025210084 0.5 0.31092436974789917 0.21637426900584794
0 0.6092436974789915 0.5 0.31092436974789917 0.21637426900584794
0 0.226890756302521 0.347953216374269 0.20168067226890757 0.21637426900584794
0 0.33613445378151263 0.347953216374269 0.20168067226890757 0.21637426900584794
0 0.6638655462184874 0.347953216374269 0.20168067226890757 0.21637426900584794
0 0.773109243697479 0.347953216374269 0.20168067226890757 0.21637426900584794
0 0.1722689075630252 0.195906432748538 0.09243697478991597 0.21637426900584794
0 0.3907563025210084 0.195906432748538 0.09243697478991597 0.21637426900584794
