0 0.8412698412698413 0.15355805243445692 0.15608465608465608 0.08239700374531835
0 0.5978835978835979 0.6367041198501873 0.0582010582010582 0.2209737827715356
0 0.25396825396825395 0.49812734082397003 0.15608465608465608 0.08239700374531835
0 0.35185185185185186 0.49812734082397003 0.15608465608465608 0.08239700374531835
0 0.4497354497354497 0.39325842696629215 0.15608465608465608 0.2883895131086142
0 0.4497354497354497 0.602996254681648 0.15608465608465608 0.29213483146067415
0 0.5476190476190477 0.2209737827715356 0.15608465608465608 0.2209737827715356
0 0.5476190476190477 0.3595505617977528 0.15608465608465608 0.2209737827715356
0 0.5476190476190477 0.6367041198501873 0.15608465608465608 0.2209737827715356
0 0.5476190476190477 0.7752808988764045 0.15608465608465608 0.2209737827715356
0 0.5978835978835979 0.2209737827715356 0.0582010582010582 0.2209737827715356
0 0.6455026455026455 0.15355805243445692 0.15608465608465608 0.08239700374531835
0 0.7433862433862434 0.15355805243445692 0.15608465608465608 0.08239700374531835
