0 0.3907563025210084 0.7331838565022422 0.09243697478991597 0.16591928251121077
0 0.1722689075630252 0.7331838565022422 0.09243697478991597 0.16591928251121077
0 0.3907563025210084 0.8497757847533632 0.09243697478991597 0.16591928251121077
0 0.1722689075630252 0.8497757847533632 0.09243697478991597 0.16591928251121077
0 0.5 0.26681614349775784 0.09243697478991597 0.16591928251121077
0 0.5 0.3834080717488789 0.09243697478991597 0.16591928251121077
0 0.6092436974789915 0.5 0.31092436974789917 0.16591928251121077
0 0.3907563025210084 0.5 0.31092436974789917 0.16591928251121077
0 0.773109243697479 0.6165919282511211 0.20168067226890757 0.16591928251121077
0 0.6638655462184874 0.6165919282511211 0.20168067226890757 0.16591928251121077
0 0.33613445378151263 0.6165919282511211 0.20168067226890757 0.16591928251121077
0 0.226890756302521 0.6165919282511211 0.20168067226890757 0.16591928251121077
0 0.8277310924369747 0.7331838565022422 0.09243697478991597 0.16591928251121077
0 0.6092436974789915 0.7331838565022422 0.09243697478991597 0.16591928251121077
0 0.8277310924369747 0.8497757847533632 0.09243697478991597 0.16591928251121077
