0 0.7155425219941349 0.6554621848739496 0.17302052785923755 0.18487394957983194
0 0.8240469208211144 0.6554621848739496 0.17302052785923755 0.18487394957983194
0 0.28152492668621704 0.4957983193277311 0.17302052785923755 0.18487394957983194
0 0.39002932551319647 0.4957983193277311 0.17302052785923755 0.18487394957983194
0 0.49853372434017595 0.42016806722689076 0.17302052785923755 0.33613445378151263
0 0.49853372434017595 0.5714285714285714 0.17302052785923755 0.3445378151260504
0 0.6070381231671554 0.3445378151260504 0.17302052785923755 0.18487394957983194
0 0.6070381231671554 0.6554621848739496 0.17302052785923755 0.18487394957983194
0 0.7155425219941349 0.3445378151260504 0.17302052785923755 0.18487394957983194
0 0.8240469208211144 0.3445378151260504 0.17302052785923755 0.18487394957983194
