0 0.5 0.8026315789473685 0.14102564102564102 0.19407894736842105
0 0.26282051282051283 0.8026315789473685 0.14102564102564102 0.19407894736842105
0 0.5576923076923077 0.3157894736842105 0.14102564102564102 0.19407894736842105
0 0.4358974358974359 0.2565789473684211 0.3782051282051282 0.07236842105263158
0 0.5576923076923077 0.4375 0.14102564102564102 0.19407894736842105
0 0.6474358974358975 0.5592105263157895 0.32051282051282054 0.19407894736842105
0 0.46794871794871795 0.5592105263157895 0.32051282051282054 0.19407894736842105
0 0.7371794871794872 0.680921052631579 0.14102564102564102 0.19407894736842105
0 0.4358974358974359 0.680921052631579 0.26282051282051283 0.19407894736842105
0 0.32051282051282054 0.680921052631579 0.2564102564102564 0.19407894736842105
0 0.7371794871794872 0.8026315789473685 0.14102564102564102 0.19407894736842105
